1404222504.09 28.1000003815 26.3999996185
1404222509.67 27.6000003815 26.7999992371
1404222515.25 27.0 27.7000007629
1404222520.83 26.2000007629 28.2000007629
1404222526.41 25.8999996185 28.3999996185
1404222531.99 25.7000007629 28.2000007629
1404222537.57 25.2999992371 27.7999992371
1404222543.15 24.8999996185 28.5
1404222548.73 24.6000003815 29.2999992371
1404222556.83 24.3999996185 31.1000003815
1404222562.41 24.2999992371 31.3999996185
1404222567.99 24.2000007629 31.1000003815
1404222576.09 24.0 31.3999996185
1404222581.67 23.8999996185 32.0
1404222587.24 23.7999992371 32.4000015259
1404222592.82 23.7000007629 32.5999984741
1404222600.92 23.5 32.2999992371
1404222606.49 23.2999992371 33.0999984741
1404222612.07 23.2999992371 33.7999992371
1404222617.66 23.2000007629 34.0999984741
1404222623.24 23.1000003815 34.5
1404222631.34 22.8999996185 35.0
